[1.jpg]
moddate=09b7b02375a5d501
width=1000
height=656
text=2;121;1;A;Arial;0.370333,1.579014,0.061111,0.000000;v1,4294967295,4278190080,128.000000,1.000000,0.000000,1.000000,400,0,49152;;389;267;Agra is a city on the banks of the Yamuna river in the Indian state of Uttar Pradesh.&#010;Agra is a major tourist destination because of its many Mughal-era buildings, &#010;most notably the Taj Mahal, Agra Fort and Fatehpur Sikri, all of which are UNESCO World Heritage Sites;Arial;0.022123,0.860347,0.029850,6.283185;v1,4294967295,4278190080,128.000000,1.000000,0.000000,1.000000,700,0,49160;;
textactive=1
